444 169 191
128 155 190
165 851 494
632 422 830
849 34 622
812 716 541
918 767 929
449 478 324
803 95 518
544 518 379
142 460 194
3 839 91
394 805 704
354 697 950
933 217 819
929 942 213
218 177 654
343 530 162
429 62 676
127 520 331
111 619 220
263 218 869
494 92 108
146 439 719
250 16 429
858 186 867
78 532 676
155 886 794
611 100 532
821 925 377
659 930 92
74 670 343
32 374 602
238 792 234
775 536 77
690 324 16
920 114 270
619 724 157
858 696 849
662 987 411
514 229 712
554 177 651
666 625 780
932 567 833
454 286 460
463 773 404
475 224 598
406 530 503
646 545 612
706 134 766
186 26 448
142 525 307
520 689 637
97 162 915
325 403 725
35 123 2
121 357 476
821 175 830
107 836 880
884 658 157
909 86 246
375 666 783
705 371 522
318 36 667
133 673 726
988 51 5
430 124 2
714 377 910
465 782 184
299 542 596
692 189 839
473 410 922
585 422 994
850 600 134
595 254 880
950 210 237
465 208 354
236 192 312
331 213 819
488 312 491
471 243 858
919 316 71
810 715 793
69 811 769
414 692 566
595 556 160
294 776 446
803 54 998
570 364 666
344 524 586
92 789 287
939 72 140
289 626 93
313 378 874
474 746 50
311 460 279
292 57 346
367 357 175
871 495 202
676 879 995
398 287 582
674 975 392
889 60 933
480 409 317
406 280 603
810 658 700
760 499 978
273 172 351
961 977 937
242 833 857
63 522 96
590 953 38
488 70 423
573 651 767
260 992 44
424 186 887
51 900 132
30 307 243
900 870 525
597 894 551
266 43 251
451 625 70
878 956 865
5 819 570
896 287 724
490 827 300
834 447 759
38 624 929
599 6 657
389 7 572
230 736 143
618 198 387
566 731 163
440 375 715
772 779 341
585 523 169
565 169 703
806 40 405
350 459 884
381 561 987
817 449 727
672 609 442
73 840 494
425 108 655
175 766 604
642 871 710
474 513 405
727 595 590
347 340 162
729 763 29
504 940 667
574 524 195
384 81 591
453 119 337
119 116 988
451 382 732
908 173 790
143 527 526
735 864 755
440 814 567
533 887 234
95 4 338
285 858 716
546 61 149
626 37 46
353 305 112
597 197 572
594 750 433
987 147 724
414 842 585
111 108 81
486 248 517
517 355 996
528 742 27
868 681 720
601 769 552
603 575 883
746 170 539
228 220 212
632 165 693
530 271 547
609 55 649
977 930 235
79 858 330
734 140 872
95 884 291
514 665 83
227 298 668
521 48 593
113 628 660
470 926 377
771 931 979
798 58 772
442 703 374
806 447 741
170 240 606
342 313 414
493 427 217
649 384 606
362 464 895
942 991 336
878 837 604
506 546 549
214 197 52
737 510 134
259 130 826
201 376 225
126 806 249
76 283 365
35 61 326
833 530 560
651 403 777
963 824 46
530 422 263
119 444 267
118 739 332
517 993 224
713 452 835
762 82 525
715 431 611
991 2 48
264 662 378
584 902 80
626 452 751
649 211 95
566 759 569
472 757 592
990 130 170
808 135 366
81 144 936
862 103 621
959 167 322
406 819 575
327 908 765
329 55 591
14 567 498
719 305 106
334 345 836
618 63 739
331 225 253
7 227 235
205 281 761
161 707 790
983 31 330
642 296 58
962 27 40
353 95 778
610 418 108
180 11 729
889 348 919
717 966 255
67 769 38
223 145 495
588 648 448
932 957 491
126 848 37
199 424 939
926 865 322
882 744 423
233 724 166
99 240 478
373 464 606
455 416 759
389 567 802
301 816 612
250 175 885
280 487 140
793 78 993
949 980 479
258 733 726
900 175 728
690 631 305
544 774 736
147 251 376
504 933 341
932 974 634
875 614 847
474 763 865
176 737 882
927 110 594
895 501 821
113 864 9
251 134 651
509 245 867
414 843 831
506 70 350
369 961 145
764 965 657
224 443 997
824 802 837
141 546 520
137 480 158
850 123 564
114 620 619
85 910 462
327 497 767
78 553 667
722 278 24
993 456 50
268 151 224
641 195 541
527 130 570
888 946 281
66 391 691
420 774 160
715 582 297
767 571 464
427 984 910
628 446 720
532 543 270
897 71 195
219 144 692
144 378 587
952 741 457
327 288 126
120 68 264
244 986 477
854 209 498
604 48 394
408 860 998
947 682 737
808 287 712
528 900 254
79 583 287
250 51 157
59 909 33
27 59 836
401 153 221
183 403 562
880 352 875
21 851 887
545 317 116
511 371 995
31 697 924
219 405 917
851 15 121
551 491 371
134 137 39
486 109 305
140 415 215
58 489 671
119 582 81
125 133 56
22 177 146
923 705 459
214 300 291
774 751 972
583 78 597
120 786 685
73 347 549
675 434 991
967 585 242
317 456 492
452 113 311
746 999 159
54 105 105
979 983 182
68 286 639
868 216 588
506 178 645
874 561 431
163 169 322
287 167 698
414 393 410
361 325 741
389 358 756
442 386 823
529 233 671
867 500 331
531 139 829
187 311 841
699 639 596
710 398 976
671 163 293
546 157 40
657 10 868
56 561 801
627 478 904
273 766 939
405 627 7
968 622 661
71 324 325
591 987 856
217 443 403
274 918 320
13 105 420
261 296 615
3 554 419
553 901 348
254 188 14
219 724 996
658 70 108
904 152 58
795 957 648
475 149 271
877 931 612
959 691 232
733 361 718
37 35 17
142 292 298
888 58 166
92 833 972
574 43 185
502 608 995
900 894 244
826 398 670
455 324 269
905 468 195
121 771 887
512 301 162
50 860 51
119 468 112
78 411 37
300 971 820
604 49 510
287 191 686
500 241 123
471 366 686
213 744 648
486 321 633
608 52 737
711 95 37
954 669 439
874 423 57
570 943 373
28 398 908
896 255 388
390 435 824
726 621 922
433 447 274
826 326 933
169 944 413
529 448 229
356 198 744
41 306 761
626 56 408
769 517 429
491 471 560
561 882 32
475 875 594
493 977 784
967 282 419
773 779 164
947 168 339
500 13 163
500 891 809
626 17 687
305 701 658
164 503 551
443 322 348
413 982 340
201 521 103
605 600 112
296 335 388
459 753 978
593 498 304
623 156 589
641 298 960
298 434 560
331 842 954
711 273 285
255 132 167
278 74 937
313 657 27
651 800 701
134 207 326
33 946 828
335 859 799
510 546 296
730 872 438
567 151 202
754 605 308
999 554 614
50 240 940
159 488 758
447 549 389
490 179 739
654 120 557
304 171 625
703 582 742
148 807 164
479 80 749
926 958 359
857 728 983
455 189 420
990 624 506
411 797 484
135 635 707
540 866 478
184 436 663
140 719 753
189 786 804
381 588 928
471 604 736
212 960 264
703 520 960
845 877 201
550 143 270
721 568 876
687 18 268
278 582 850
958 119 673
15 902 950
343 216 437
685 884 726
470 51 240
788 732 470
622 631 321
507 529 270
627 137 124
221 262 530
683 254 513
267 118 369
240 574 127
730 496 94
885 106 88
583 912 8
313 841 535
566 378 817
687 986 33
664 514 299
486 85 725
822 143 602
981 119 539
707 844 278
408 736 586
385 54 882
999 364 617
959 339 921
725 461 3
521 132 390
734 809 972
268 284 209
963 466 10
900 622 266
874 666 974
197 465 252
280 819 824
620 675 867
9 616 779
257 66 865
989 744 764
754 352 716
344 984 332
975 328 626
47 17 206
961 304 909
510 431 251
904 195 49
319 551 730
73 88 559
334 85 527
699 999 865
912 712 717
369 461 614
382 205 30
41 505 348
929 706 98
489 346 789
913 585 834
860 979 776
578 706 862
940 746 462
823 561 301
477 770 449
237 107 286
554 145 777
623 114 265
275 377 561
71 976 850
725 91 953
240 368 834
297 721 854
547 312 926
73 404 922
970 378 776
59 33 419
314 157 59
238 924 7
655 514 689
235 90 666
639 753 841
808 927 796
613 752 657
82 886 260
870 353 747
73 199 858
87 485 583
312 847 99
370 733 291
30 775 221
636 178 284
934 430 77
261 974 168
255 147 784
496 587 807
633 177 897
125 358 858
303 180 369
394 794 425
861 591 109
176 808 186
716 634 914
571 934 965
681 446 754
47 881 354
787 132 303
972 822 395
823 549 503
361 826 760
569 122 411
206 509 873
625 475 274
112 381 972
221 322 450
115 825 560
699 194 694
82 164 293
597 509 645
893 814 540
7 874 867
408 430 534
607 269 299
680 472 954
827 844 222
722 430 836
526 378 491
487 757 387
805 882 383
293 331 257
388 201 105
197 485 187
322 630 182
373 904 395
387 666 609
888 572 663
160 324 48
587 634 780
725 602 597
1 397 287
257 632 918
103 299 322
345 222 553
117 626 401
120 672 616
465 28 406
213 278 662
615 229 678
486 300 7
99 645 697
28 353 693
998 60 262
462 17 385
374 266 596
88 285 599
627 80 185
922 49 909
900 378 12
437 149 372
311 216 219
190 879 953
8 602 574
660 224 946
212 49 696
278 70 33
595 34 113
69 157 290
687 801 167
433 231 311
210 226 715
376 86 970
710 731 981
699 437 271
117 944 423
908 874 983
865 730 369
441 961 23
568 421 912
522 152 729
235 868 82
372 422 318
577 46 817
395 488 287
31 482 996
948 120 879
506 639 556
172 351 140
284 548 784
57 670 361
39 375 257
471 396 949
959 743 957
573 823 528
736 361 48
542 966 775
534 564 745
558 397 914
141 953 351
177 147 63
518 971 825
949 521 162
188 483 846
463 672 36
682 322 143
481 188 788
595 682 412
206 775 685
755 339 761
101 522 363
755 128 14
136 565 85
149 861 991
105 214 316
801 440 344
137 784 915
299 365 108
62 205 751
646 73 53
854 118 309
760 217 697
975 733 84
644 901 758
919 530 908
187 265 670
962 230 36
562 548 401
763 874 221
202 525 945
755 705 504
893 626 197
475 278 595
416 856 594
758 255 548
505 955 514
163 126 547
21 817 598
66 79 637
663 741 102
29 825 508
567 518 323
439 273 211
705 5 741
218 934 839
319 600 982
424 951 694
969 981 272
32 342 909
761 442 210
915 536 342
878 12 385
282 412 205
941 790 750
20 231 629
559 80 74
221 875 407
901 1 47
900 333 486
916 486 376
357 539 780
18 639 351
900 750 228
35 385 438
546 888 543
786 760 152
915 455 860
27 845 811
477 510 272
93 739 164
171 891 23
596 214 848
325 220 215
54 162 461
85 123 718
400 879 344
61 138 364
766 147 389
109 816 235
724 829 35
82 944 558
217 566 651
629 449 276
601 742 955
507 788 907
878 104 958
569 170 884
670 947 925
131 800 735
141 762 344
956 112 511
123 496 9
438 990 740
651 699 13
754 838 977
780 504 581
971 178 239
282 646 156
935 908 382
858 788 754
237 51 537
940 181 811
379 836 541
395 918 412
105 995 637
790 177 625
344 139 689
641 972 491
556 810 429
877 457 394
382 782 32
444 262 800
859 306 223
231 169 904
620 485 889
554 922 568
627 89 176
595 614 898
697 587 385
749 772 505
228 40 842
163 888 595
886 966 856
270 0 118
237 362 409
519 35 982
201 79 712
597 713 793
704 938 103
139 787 120
794 987 575
401 6 73
264 767 948
843 950 621
743 124 317
253 51 113
418 503 447
862 56 710
14 116 371
632 563 432
674 763 392
248 939 313
180 590 364
784 448 422
797 655 928
267 977 314
196 296 238
276 219 72
830 517 73
790 78 649
588 36 140
911 930 839
246 712 228
122 339 570
973 558 337
881 616 517
916 446 137
967 50 246
271 469 474
442 121 246
170 347 293
490 432 419
990 24 682
594 315 83
167 344 795
551 673 87
872 747 400
397 156 756
920 339 46
911 350 954
127 63 443
134 387 634
482 38 937
561 844 568
786 330 704
974 409 559
956 125 948
552 504 737
951 845 188
506 574 851
828 691 14
962 953 801
178 51 478
215 826 673
744 518 701
843 417 991
44 317 744
921 739 456
647 616 645
217 343 117
259 337 282
493 77 379
561 331 103
155 994 932
142 707 183
852 500 169
285 772 616
672 360 203
9 991 937
812 873 856
519 200 58
19 530 844
109 96 720
680 274 392
165 84 863
996 988 856
327 117 385
366 651 446
729 457 883
160 808 554
456 380 93
28 563 656
181 229 735
441 998 25
542 83 419
884 365 393
604 641 488
202 646 500
658 98 210
603 110 774
461 640 156
620 907 554
470 626 427
894 452 559
836 994 587
391 255 806
654 17 563
190 558 351
281 226 457
718 916 892
598 172 610
337 11 643
600 194 945
948 745 522
878 240 54
362 522 912
574 572 428
677 305 3
633 359 399
745 972 828
16 530 718
820 24 565
755 708 544
458 384 297
30 316 702
824 581 718
513 403 56
658 478 491
864 836 224
593 286 879
976 504 532
522 872 285
366 862 816
675 912 928
73 532 660
994 851 661
938 614 933
133 98 850
917 198 926
45 297 463
869 710 290
312 122 238
836 89 847
648 401 343
339 82 229
221 978 194
356 649 950
679 515 369
793 326 734
660 736 16
959 135 845
876 946 560
351 201 376
948 161 258
160 240 712
469 953 675
705 786 428
331 198 203
47 482 463
776 197 56
382 209 287
4 1 30
803 370 950
603 620 881
240 270 929
346 566 731
564 984 774
599 241 58
709 703 63
192 246 60
571 265 933
281 799 418
196 951 119
62 564 38
717 703 296
612 65 265
593 968 833
556 95 53
918 724 391
957 76 431
226 895 677
946 944 823
73 160 526
830 584 358
487 958 252
396 671 965
849 331 764
958 611 660
746 209 234
564 692 6
815 349 624
84 781 802
827 184 13
179 161 202
305 900 888
357 934 860
983 936 486
161 571 721
352 475 82
718 516 515
16 636 985
932 532 772
315 543 576
896 252 77
366 45 254
585 22 170
61 539 80
528 174 150
874 927 29
143 281 191
253 651 357
831 54 764
700 249 933
34 368 202
204 850 181
537 668 216
934 900 242
431 285 387
763 398 865
659 947 320
805 473 917
179 689 693
548 408 873
774 389 137
514 168 262
387 299 978
905 973 141
967 900 974
450 346 494
592 643 18
947 739 293
326 483 500
584 345 373
922 184 945
764 746 286
911 640 211
600 360 266
195 819 278
33 309 308
738 318 320
908 78 506
272 383 28
167 845 569
293 657 0
90 100 505
512 99 406
353 989 872
116 263 981
961 521 761
430 623 5
302 330 262
690 236 999
949 379 859
965 729 777
607 242 362
254 814 758
556 407 853
284 204 508
851 106 34
680 121 701
645 94 608
225 625 628
270 775 273
615 773 400
36 579 887
57 629 68
859 87 864
952 798 69
556 194 114
758 621 275
652 260 366
127 568 112
267 591 46
808 640 735
797 803 926
813 18 689
967 359 318
181 102 979
475 488 5
441 908 588
552 823 238
804 69 868
324 677 949
546 987 740
859 737 56
840 613 187
298 880 45
642 756 292
863 524 360
376 164 507
965 571 22
21 719 242
690 467 567
214 683 921
574 722 207
265 176 150
637 234 734
649 315 203
336 925 754
34 330 32
280 680 949
195 198 157
783 741 472
994 842 84
595 144 314
12 306 167
760 874 153
16 502 716
759 218 363
208 257 260
10 745 506
475 971 459
815 232 615
637 419 257
950 130 417
37 101 554
416 460 569
249 457 808
425 40 681
394 149 461
460 265 776
572 852 496
61 185 260
320 821 739
60 402 920
517 77 543
474 81 659
206 909 772
253 243 967
0 59 655
729 448 144
16 890 874
305 454 99
154 642 638
124 496 2
804 72 525
909 317 267
209 675 801
726 427 159
437 248 688
933 360 891
827 740 80
294 104 633
848 696 555
355 843 324
559 795 735
654 780 979
656 155 42
189 174 910
476 943 587
580 849 359
556 48 290
644 917 531
347 356 803
546 246 623
56 33 211
587 329 567
425 21 272
597 776 17
389 302 323
6 540 23
937 406 764
440 889 398
270 330 117
403 571 716
338 542 102
674 179 89
319 672 734
480 427 666
810 992 170
913 943 602
831 455 806
702 803 167
62 232 153
317 906 935
193 412 594
98 473 255
326 333 69
173 666 186
901 283 861
317 820 843
368 292 701
670 525 38
151 553 846
475 935 385
990 852 816
688 140 687
522 407 722
741 384 590
865 118 316
339 580 840
67 415 754
142 582 991
829 515 335
349 778 320
25 201 981
466 176 618
998 613 368
198 591 981
613 807 592
804 306 212
175 766 308
12 506 153
558 898 694
748 863 256
994 462 653
358 643 862
737 426 929
78 33 211
639 136 530
708 109 816
32 184 537
278 767 120
966 433 295
185 540 614
185 292 17
90 247 674
458 425 993
71 105 161
297 392 264
668 504 889
998 888 550
242 370 598
66 77 178
611 946 132
567 61 195
481 732 754
908 133 439
47 429 788
77 286 774
172 139 683
453 960 921
147 520 788
823 970 699
38 211 979
532 191 715
457 760 384
60 580 489
975 709 508
641 88 581
674 719 355
674 999 82
919 327 955
769 731 128
63 927 636
548 882 288
704 759 996
797 952 818
362 760 424
327 535 119
716 647 285
45 274 866
510 910 118
595 861 195
477 743 305
571 852 51
843 486 127
27 653 372
221 273 11
180 563 864
36 187 63
526 755 77
721 18 359
576 302 120
176 529 317
496 645 225
602 978 923
235 285 249
190 339 327
885 867 766
861 245 7
603 535 938
809 513 142
838 403 938
238 840 650
430 708 233
236 373 516
581 827 742
136 38 714
21 366 742
377 552 829
333 620 327
384 133 675
125 606 424
485 451 422
706 771 442
945 473 544
917 435 758
238 559 568
496 281 412
579 192 631
157 337 773
982 934 490
270 973 665
41 619 3
330 365 595
172 289 732
566 387 623
113 280 899
294 697 448
59 429 366
155 272 939
62 586 71
204 604 610
608 509 238
252 281 2
969 155 653
21 145 849
395 961 621
82 927 296
205 809 535
688 641 638
254 257 592
24 353 359
547 28 134
513 126 754
243 345 478
106 319 511
491 318 397
873 965 115
866 816 181
579 273 322
10 935 977
325 666 171
563 469 862
340 121 595
820 654 885
201 512 469
324 793 561
290 240 939
406 277 986
137 992 964
728 328 289
19 279 160
60 802 174
513 432 948
3 546 932
451 47 688
691 245 738
752 776 579
521 458 987
893 304 175
665 127 606
958 845 628
791 141 625
995 38 598
547 299 914
550 658 373
989 787 327
30 20 660
730 673 757
939 774 280
864 65 300
72 276 635
280 537 157
648 957 996
697 850 929
662 15 940
129 506 266
722 709 78
606 61 627
414 475 498
293 863 734
198 989 150
734 914 937
531 616 315
221 842 876
450 220 721
808 667 534
806 403 615
468 297 110
505 109 679
728 673 683
366 260 254
764 700 614
968 742 558
448 368 619
231 653 339
419 484 939
2 513 490
873 941 520
693 642 623
986 575 539
145 52 568
47 688 64
313 758 118
883 581 786
568 996 152
799 84 783
10 987 949
322 305 875
250 96 752
735 59 353
623 767 862
542 124 180
205 215 233
827 892 810
621 284 252
98 767 796
396 679 451
744 886 258
176 408 690
351 266 385
741 605 464
903 89 597
950 185 694
437 380 466
126 78 486
155 963 971
45 35 821
898 909 482
933 866 734
155 808 54
97 708 6
845 547 291
854 945 685
230 142 865
500 526 592
514 699 72
191 1 651
683 77 923
614 711 536
407 221 663
134 866 385
710 70 192
344 269 308
780 701 61
22 94 957
829 663 222
110 427 701
109 591 730
562 654 913
917 776 98
275 319 56
691 698 662
345 474 550
744 503 654
200 178 649
740 636 985
523 917 705
457 960 579
111 712 514
95 578 800
899 625 96
635 477 616
619 602 107
823 801 692
66 577 863
745 8 523
488 764 397
87 105 738
170 36 342
607 342 489
932 491 576
415 484 329
755 934 282
438 3 661
383 73 297
824 570 748
563 369 201
515 325 500
252 529 386
70 211 410
604 417 289
263 373 193
267 709 433
741 341 173
920 586 457
688 167 947
687 881 529
26 496 135
974 527 796
493 243 0
98 879 154
354 211 225
956 295 595
854 252 621
887 738 689
641 280 447
732 494 419
676 120 713
553 94 974
807 661 276
775 288 748
965 948 178
80 509 513
257 625 104
946 916 800
937 141 492
930 576 454
938 728 370
272 273 74
6 303 742
316 446 828
92 939 407
6 139 491
445 895 172
77 338 329
69 52 13
12 988 45
236 936 310
323 9 339
355 460 251
193 323 222
301 583 466
401 15 39
784 956 218
988 321 169
567 158 558
440 323 194
624 48 80
561 40 204
295 253 115
633 151 84
790 987 34
661 707 494
117 235 337
427 523 801
561 439 315
293 903 269
619 835 395
394 230 549
509 289 662
671 931 972
193 106 619
699 769 339
344 131 687
701 44 135
702 781 999
933 312 629
268 472 454
785 543 309
177 915 797
594 99 579
644 892 805
594 351 957
957 356 268
467 654 73
962 248 869
845 424 286
978 325 130
675 199 889
703 537 115
847 153 483
210 885 814
538 184 148
738 93 627
820 514 830
876 778 721
840 526 643
10 170 216
809 539 698
164 635 939
593 193 986
659 492 8
467 499 120
671 716 738
82 17 707
182 413 299
460 724 680
167 537 796
627 998 73
463 2 342
634 177 15
197 118 609
205 951 212
51 372 178
222 829 647
52 468 6
221 786 69
323 336 366
803 425 780
258 754 701
577 266 466
534 126 155
784 91 711
713 511 431
635 172 222
161 57 196
227 63 762
126 105 439
101 864 559
658 424 585
497 898 769
469 363 37
791 374 287
279 118 200
739 548 77
697 104 39
109 163 72
131 7 716
522 146 224
127 914 162
993 213 101
124 552 75
239 240 690
391 619 928
635 293 198
109 539 959
309 239 807
992 956 193
90 417 801
707 967 912
839 55 406
815 962 542
734 983 573
235 583 362
795 582 725
843 44 500
507 958 103
651 235 982
682 575 272
94 668 571
976 305 262
737 298 596
282 664 616
180 635 556
86 371 94
981 818 392
674 178 717
665 374 763
114 998 500
242 649 320
989 826 468
757 885 473
119 189 585
679 584 661
565 481 451
165 720 186
96 140 94
84 888 259
967 468 555
635 786 732
126 766 311
606 731 603
221 260 624
850 998 370
140 461 792
224 846 815
359 897 841
647 760 575
79 909 53
709 504 742
334 232 135
761 572 960
447 575 361
455 233 454
830 106 885
305 310 526
638 803 158
490 850 774
385 382 186
606 39 454
375 817 734
304 611 529
467 677 329
794 953 679
772 792 934
428 935 363
292 136 191
35 611 259
414 365 224
79 52 552
500 500 378
761 351 751
720 605 977
562 567 763
916 480 98
671 350 701
279 632 559
689 652 281
848 356 374
158 331 576
725 591 665
617 39 496
407 134 844
919 552 678
605 836 365
281 93 307
736 364 582
414 393 480
251 538 847
951 727 449
288 131 324
200 920 517
402 943 653
422 318 68
467 39 721
682 267 80
550 530 84
250 928 423
201 630 604
818 44 87
310 980 907
378 55 523
855 156 439
871 144 302
420 248 821
261 929 236
313 437 423
283 223 496
0 995 519
149 519 870
863 755 50
575 404 885
837 962 349
868 134 102
607 617 117
378 709 674
700 639 521
214 967 920
602 525 210
916 875 388
799 315 647
662 275 9
545 715 72
811 182 837
771 582 912
464 62 886
53 382 994
664 54 600
256 812 863
628 264 363
991 393 566
719 506 216
593 617 265
522 30 451
690 392 909
817 137 423
349 684 585
793 109 132
762 890 574
745 697 605
669 455 832
649 567 83
574 215 843
145 266 661
381 588 948
640 546 168
730 442 518
804 497 92
856 817 953
550 186 627
487 8 683
921 14 720
4 263 174
742 602 329
74 811 333
44 994 928
978 512 274
858 315 222
253 184 531
337 875 36
996 990 233
453 206 381
42 282 354
814 393 769
770 724 82
629 920 598
586 641 848
771 342 66
710 352 53
583 226 536
435 894 575
796 264 522
114 738 913
54 699 764
569 965 713
264 58 913
907 381 991
827 885 791
956 336 661
720 465 767
940 849 627
624 70 42
237 742 531
182 555 115
57 806 189
215 474 64
629 796 826
318 317 155
841 100 139
265 138 303
713 483 11
165 191 812
495 666 918
148 541 316
618 132 225
423 694 344
556 957 238
445 643 123
872 711 106
18 71 385
900 63 127
513 369 667
994 40 895
254 247 928
852 884 114
962 612 435
697 546 761
272 67 795
552 344 62
117 531 635
333 407 523
133 252 398
99 170 629
53 900 51
197 653 889
618 399 164
588 475 109
23 607 350
443 789 399
959 323 489
928 153 758
612 188 203
116 612 824
439 742 708
140 764 903
580 831 700
12 900 831
883 676 334
802 294 212
647 236 20
592 724 772
86 377 889
713 561 163
705 404 3
581 183 61
678 594 548
99 332 851
731 178 538
428 939 290
467 579 649
499 856 806
620 588 832
956 915 350
322 339 892
449 948 259
961 599 562
794 948 771
924 205 804
486 105 535
467 361 216
936 943 320
315 943 325
529 101 643
980 827 332
847 601 153
211 256 82
248 880 319
282 450 395
129 942 986
213 73 176
329 344 144
866 469 567
92 624 652
705 200 956
150 240 50
488 940 849
627 162 998
807 553 794
67 79 670
118 650 58
207 128 274
816 804 286
418 954 66
552 380 223
341 912 657
256 50 391
428 807 445
690 656 535
513 697 128
761 437 834
62 931 272
571 352 202
992 470 39
387 42 843
653 13 666
871 821 78
412 761 212
664 957 80
47 395 199
466 902 307
19 886 284
172 278 24
174 366 968
964 432 800
741 712 280
100 691 216
317 494 556
35 956 880
973 7 590
262 723 726
49 424 757
29 234 52
312 573 744
878 357 996
377 153 642
460 972 424
476 237 833
168 310 470
313 18 966
506 753 777
734 219 193
20 354 32
68 75 361
872 471 684
306 897 922
482 729 426
570 944 350
321 142 91
119 940 148
463 405 338
892 860 619
345 930 687
841 633 60
214 39 349
745 497 111
41 590 505
280 755 971
117 239 290
923 216 417
184 589 126
805 130 965
25 990 798
786 792 383
885 494 566
724 126 578
437 815 812
725 274 181
512 233 233
82 386 839
766 657 9
388 640 0
787 625 2
965 771 609
683 442 395
50 934 610
137 811 403
286 74 462
386 283 620
381 114 854
389 367 713
504 958 99
537 141 663
191 150 719
255 905 508
776 962 203
838 163 962
389 689 255
683 823 229
295 128 402
677 680 397
884 944 686
927 575 921
914 12 2
179 837 912
618 146 799
105 120 450
493 859 206
333 840 495
449 799 700
323 930 861
552 732 504
592 6 247
279 121 483
204 646 669
939 32 846
755 776 990
566 952 131
509 7 707
35 414 456
552 225 156
124 419 141
506 173 47
12 713 913
845 654 213
567 889 96
71 3 429
376 248 308
826 720 969
864 845 672
944 923 814
329 520 234
66 202 322
512 145 834
79 862 306
764 870 559
422 531 277
921 471 64
190 527 562
112 326 719
9 360 772
500 238 236
841 364 498
87 622 921
27 669 507
952 853 785
387 625 83
103 891 395
778 846 912
735 300 382
567 486 994
890 863 663
817 2 516
923 774 849
182 431 181
441 470 34
573 166 659
731 643 81
430 663 840
862 803 688
888 247 142
228 670 619
575 76 944
113 677 266
555 442 250
812 152 105
618 873 397
880 820 924
854 695 559
335 852 323
936 816 878
390 751 895
261 325 303
601 21 120
782 31 711
522 824 438
436 130 96
858 187 205
581 339 271
979 39 261
437 298 867
644 936 211
827 128 869
31 124 422
125 815 548
660 790 347
584 397 44
623 819 34
309 726 834
583 381 397
256 839 489
851 315 725
188 466 227
636 726 304
985 812 217
430 710 624
854 273 960
370 239 626
210 935 197
56 23 992
523 757 839
265 621 18
248 573 980
338 634 630
694 530 887
13 411 386
114 823 172
342 848 746
962 68 887
756 408 780
787 277 122
900 853 225
732 139 855
102 576 400
161 831 497
657 609 760
782 61 636
692 278 481
471 503 416
880 813 319
663 130 375
37 709 689
78 528 186
39 917 69
274 0 670
541 194 912
436 924 237
110 447 487
896 782 885
342 342 766
399 368 373
869 320 663
255 772 867
181 99 547
74 19 453
549 288 281
388 992 415
790 929 805
93 273 226
396 624 569
457 140 70
680 156 910
901 113 299
634 91 404
251 869 479
235 39 226
637 495 678
225 629 455
724 921 922
95 91 512
998 238 581
714 777 489
849 148 852
65 373 436
659 87 99
316 356 192
900 588 269
819 844 207
989 869 218
650 330 844
450 941 532
38 926 259
981 725 492
24 861 959
241 132 126
192 410 860
948 14 673
587 808 423
270 410 48
992 808 55
352 315 777
792 44 450
73 15 580
576 818 301
325 402 422
384 881 588
7 60 356
438 508 511
297 911 115
260 328 584
307 559 72
954 794 754
878 638 119
264 301 858
720 576 883
468 529 747
416 836 125
820 781 777
237 315 258
289 708 194
679 130 619
963 377 796
77 466 771
611 497 569
49 709 210
998 209 367
897 650 180
412 883 500
651 392 482
883 951 507
690 182 144
381 956 508
533 102 22
492 874 129
979 164 706
96 365 726
585 994 19
660 511 869
370 877 151
164 170 682
348 59 396
229 851 40
113 464 101
176 670 388
409 867 349
12 900 636
766 596 739
862 282 528
150 444 842
446 644 469
990 339 307
151 968 345
426 60 287
762 680 880
904 374 479
330 254 18
215 236 916
519 448 906
499 521 844
608 531 582
481 165 265
624 457 937
710 487 418
86 952 155
981 341 502
94 515 27
732 903 370
54 155 97
420 676 747
542 524 47
575 35 718
72 758 338
291 323 184
979 252 517
282 413 742
347 552 982
868 393 912
244 854 267
562 963 937
396 2 534
565 602 548
280 215 463
896 620 960
835 542 898
194 696 629
65 963 935
741 723 57
966 393 163
510 161 339
347 771 417
82 666 634
632 119 216
638 56 924
159 285 51
592 939 843
738 544 158
980 671 996
307 143 324
798 187 583
38 189 358
873 532 378
809 612 330
311 709 853
14 486 816
463 106 110
246 637 477
855 567 870
119 991 192
763 268 4
761 726 436
182 496 322
690 898 793
104 480 880
484 208 441
130 159 988
758 885 721
879 44 297
331 690 7
23 49 300
763 547 928
456 170 609
877 55 566
108 954 33
145 306 867
225 891 236
402 280 520
4 305 785
583 185 530
41 578 743
619 704 132
703 659 577
685 320 695
859 531 66
458 805 812
899 869 169
374 875 266
516 365 875
728 52 580
646 190 474
636 257 160
448 5 745
354 48 225
57 392 134
486 372 920
570 468 513
123 23 367
93 236 170
489 490 237
441 336 897
731 218 783
88 995 140
517 877 994
819 327 272
59 927 85
406 801 52
115 377 167
354 336 115
737 764 646
421 789 882
60 76 445
749 344 495
650 271 272
341 463 117
117 929 557
733 828 370
94 474 240
544 573 574
251 980 721
316 548 62
227 604 94
124 509 683
493 672 105
610 543 202
518 694 938
806 863 570
540 636 794
54 707 442
427 95 612
106 155 9
829 603 920
773 764 213
39 509 58
286 627 745
243 307 933
528 780 769
134 819 725
885 649 589
613 49 653
876 477 266
932 554 80
243 380 158
365 233 673
646 524 906
706 269 140
924 290 481
38 552 0
335 303 558
706 618 563
172 688 871
996 507 681
768 448 148
349 320 773
823 187 340
729 767 597
106 826 550
937 420 80
508 573 327
218 99 132
670 901 352
0 867 942
487 993 857
297 636 861
805 181 455
658 884 748
423 945 485
948 399 609
284 133 866
685 512 434
505 826 94
381 865 961
216 757 730
555 905 446
112 775 875
471 71 649
680 468 743
17 61 181
70 200 623
984 957 842
30 806 669
314 965 772
352 560 963
590 326 697
69 462 229
284 246 711
766 937 626
357 786 32
675 466 878
206 79 2
947 407 637
327 32 429
581 912 556
468 869 849
534 846 985
529 801 889
352 282 25
271 336 926
25 84 261
994 376 318
332 972 543
504 662 258
32 280 35
697 668 951
827 750 831
390 879 373
942 357 622
133 13 672
694 373 447
166 398 451
542 683 6
243 197 138
235 637 856
999 372 521
795 126 177
373 874 455
883 766 951
139 287 666
410 761 241
932 7 790
7 7 145
320 21 702
297 49 289
664 985 779
829 645 33
71 406 722
893 91 61
84 432 772
194 749 299
626 889 401
953 707 694
570 790 199
916 55 839
779 821 467
53 696 656
16 660 279
753 289 7
365 639 443
154 746 151
360 612 724
471 373 505
218 227 785
132 480 615
928 99 470
934 744 493
815 15 29
938 959 202
618 967 871
948 889 145
346 280 356
611 317 626
645 406 596
677 294 774
410 162 285
780 874 143
790 496 80
469 717 31
689 374 380
829 142 565
166 534 971
903 874 937
943 507 331
834 88 683
744 333 383
905 662 161
96 447 398
760 493 547
904 533 908
806 445 44
479 169 544
617 416 435
862 697 426
828 159 171
31 376 54
186 658 643
715 723 554
680 139 550
75 894 776
111 768 136
461 483 684
601 213 675
636 806 233
111 914 745
463 146 555
441 428 394
237 224 589
770 666 624
520 547 113
499 412 766
821 671 440
880 214 628
748 22 476
894 155 201
457 58 363
832 389 824
634 294 406
102 601 535
750 393 530
13 193 511
748 195 64
859 841 206
227 922 135
797 881 484
967 38 623
262 640 11
261 585 26
274 435 358
736 277 662
587 47 739
516 132 480
783 824 146
663 465 57
736 869 983
70 247 223
37 640 910
799 402 398
398 826 224
933 665 466
860 641 717
647 309 2
96 415 692
996 739 38
422 589 795
611 182 190
231 362 802
584 828 826
249 626 186
156 156 372
721 381 332
888 397 267
159 677 225
762 573 126
750 830 747
43 891 922
613 937 381
518 25 92
644 137 779
561 413 327
505 265 635
137 981 361
810 271 932
846 573 857
392 840 250
738 97 677
683 550 854
654 571 944
928 118 166
214 14 403
512 880 607
505 770 222
382 297 934
375 642 552
648 840 861
128 702 401
610 888 211
797 825 398
661 577 766
220 77 438
457 828 960
886 847 369
542 37 937
952 51 963
134 816 214
768 992 965
300 7 336
236 605 442
501 485 69
227 877 885
470 609 129
471 500 987
989 670 677
793 400 71
12 278 347
170 185 668
256 787 698
913 89 866
515 736 878
999 365 892
776 384 717
661 481 518
0 708 180
588 428 726
887 569 785
991 873 967
87 35 862
315 633 756
228 849 738
962 656 786
387 707 811
668 162 63
664 884 468
509 124 642
245 126 881
950 758 650
325 981 614
269 645 222
943 576 855
932 556 60
183 405 370
23 862 797
154 421 658
495 701 100
941 334 400
687 722 933
324 512 999
791 759 555
68 150 482
447 951 189
279 821 120
568 599 104
592 403 907
758 774 169
84 503 198
951 79 667
81 813 228
241 340 448
30 681 840
576 425 100
929 100 500
147 354 538
82 970 753
689 695 999
12 588 31
373 610 21
418 370 932
36 188 4
704 932 245
305 642 25
473 62 116
520 547 872
643 13 743
852 37 464
878 139 781
875 576 70
928 942 5
442 503 504
282 428 931
891 417 153
471 128 445
789 660 72
656 660 506
971 629 790
982 710 256
602 492 265
599 989 493
256 339 481
720 95 607
946 206 162
208 667 99
31 776 310
365 446 340
459 846 996
641 849 426
192 264 299
504 371 206
634 972 95
738 470 638
912 706 22
734 586 478
591 135 650
396 872 947
107 465 26
812 570 287
467 13 591
492 869 935
554 745 961
764 278 214
520 362 754
267 749 700
596 409 997
215 276 514
90 223 915
543 20 402
845 947 442
254 682 37
613 844 889
978 461 589
580 800 432
954 303 586
329 47 105
709 257 789
21 791 97
717 153 721
158 302 381
168 27 625
44 192 629
267 220 881
504 746 647
831 575 828
543 307 935
542 163 408
448 40 623
410 204 197
469 985 941
461 363 466
677 237 808
963 621 619
828 608 437
550 80 691
581 136 895
925 446 649
914 722 710
396 85 539
561 640 222
62 440 913
780 158 907
536 930 916
915 965 183
82 933 447
179 508 357
641 578 563
568 698 327
514 37 173
674 692 318
118 744 542
658 326 92
708 789 568
513 864 160
644 301 741
94 299 844
309 911 576
689 518 825
864 217 822
9 820 761
478 800 112
11 694 949
796 856 95
575 287 655
877 218 766
195 926 812
351 138 136
496 995 514
71 938 434
53 984 972
282 8 251
174 749 220
497 9 380
831 699 946
419 335 131
752 66 928
413 880 368
9 613 570
109 548 76
75 884 48
832 153 973
406 149 129
472 784 377
933 862 58
207 397 371
835 84 998
622 759 587
355 451 675
476 74 114
754 809 487
255 33 477
220 871 661
36 53 627
227 146 836
264 402 42
242 698 194
488 236 943
889 768 685
31 161 551
525 5 527
595 18 329
620 168 782
211 423 827
221 480 498
655 543 588
83 800 755
613 201 729
442 909 305
174 75 533
512 701 423
874 899 696
993 105 149
747 329 306
867 717 483
162 190 651
841 304 665
224 938 55
421 3 648
84 220 28
618 221 146
220 479 207
450 978 993
73 918 165
119 974 121
798 953 37
173 339 806
67 23 184
415 800 756
822 473 887
612 321 680
716 885 189
157 659 454
839 999 801
198 601 499
81 40 578
208 991 133
152 684 185
786 180 960
133 42 352
362 127 360
702 29 690
135 290 33
822 741 911
418 304 541
649 171 691
828 886 486
160 523 233
853 310 749
866 146 560
180 83 8
404 479 30
229 236 731
570 469 481
782 31 493
731 859 94
902 341 10
679 393 570
428 117 337
880 756 96
637 77 307
331 468 871
950 56 782
418 940 673
105 858 502
980 586 844
801 767 171
916 248 236
605 209 832
124 399 795
561 981 588
492 492 75
468 859 651
761 526 484
125 17 667
343 307 495
842 797 911
983 259 651
509 255 88
26 802 956
689 827 154
474 697 287
478 619 406
865 882 829
784 275 572
439 590 215
843 46 730
719 67 60
279 730 76
337 306 354
77 6 468
276 71 974
368 546 953
595 537 405
990 772 771
289 971 790
963 851 968
885 969 600
709 423 652
17 907 369
944 257 577
869 394 355
164 440 512
422 858 790
856 233 593
197 754 936
62 989 280
922 459 867
323 972 356
786 521 384
851 303 631
304 307 564
373 826 352
540 473 656
226 310 170
412 897 712
461 457 938
34 519 80
926 531 785
892 897 920
604 159 195
820 169 275
183 960 978
360 843 303
586 656 69
576 863 764
617 989 251
34 515 470
26 630 463
968 633 732
181 499 994
193 74 401
758 279 266
909 940 145
326 804 862
614 782 647
851 170 987
458 535 556
651 816 729
691 514 936
870 262 381
532 396 27
221 287 742
813 901 589
191 232 638
363 302 183
594 381 228
241 379 155
948 579 434
445 153 348
462 766 535
535 647 872
307 685 566
831 335 233
272 552 990
110 405 760
339 203 555
926 103 850
10 210 780
951 127 426
766 289 443
523 404 79
547 314 637
573 179 745
876 165 865
979 604 34
150 976 913
973 550 42
135 26 249
480 157 615
275 816 127
433 885 942
560 884 791
771 276 994
73 749 68
327 341 643
62 576 384
951 670 580
854 754 248
712 25 829
476 93 466
916 367 42
259 633 347
689 735 27
90 775 339
105 731 291
317 75 470
927 155 858
790 774 724
842 44 891
831 549 598
134 263 985
469 829 567
58 203 74
182 584 875
507 136 552
558 657 564
447 396 428
583 404 949
898 518 657
411 563 823
428 293 52
786 898 878
545 41 771
868 851 953
79 739 902
34 129 372
163 104 647
820 845 864
645 907 367
858 773 815
103 519 964
433 231 458
280 920 559
573 435 479
254 761 793
431 758 193
401 389 220
731 78 153
882 238 820
220 195 322
971 785 464
598 217 448
307 415 582
539 931 360
103 31 433
850 732 111
40 899 574
984 365 430
649 817 425
446 708 591
77 175 50
97 756 290
812 532 525
66 622 854
461 280 273
730 747 940
800 65 575
943 4 462
146 212 481
899 39 143
2 340 518
634 979 137
686 872 586
99 777 328
78 27 239
482 206 718
355 936 547
851 857 351
602 332 937
858 823 363
183 793 206
512 518 167
871 964 355
754 375 0
809 4 442
948 177 705
23 678 616
943 3 397
473 957 639
585 165 75
662 332 685
538 543 104
302 326 298
564 925 668
452 993 111
836 932 244
27 819 61
817 780 49
90 537 629
328 431 475
480 559 557
943 938 533
398 929 606
623 431 791
647 451 103
955 971 710
852 93 395
85 8 731
484 404 121
485 303 536
437 308 335
470 168 256
344 257 760
605 6 927
518 506 752
930 850 370
223 523 925
361 235 639
302 647 553
78 876 757
505 273 236
727 503 815
994 737 493
301 204 177
810 914 186
398 705 399
823 547 149
211 63 559
337 704 298
542 597 209
766 26 146
823 908 10
13 249 823
810 579 117
878 860 987
33 87 4
325 199 769
110 78 436
115 104 301
15 711 643
903 931 573
427 32 370
306 867 17
771 383 965
558 253 14
419 658 524
364 423 263
892 211 234
144 434 54
412 498 976
826 809 145
592 275 798
458 163 720
239 79 846
706 947 542
555 464 674
632 960 454
208 348 534
247 134 729
523 134 295
523 31 972
283 374 754
453 363 924
26 444 605
391 430 690
494 929 835
746 632 492
832 727 965
295 547 502
311 81 771
492 179 634
769 770 336
828 480 778
360 464 714
727 293 412
402 381 160
778 526 116
756 738 660
449 133 276
685 711 50
602 322 725
642 678 237
657 273 26
403 87 104
81 614 625
291 442 912
450 688 915
797 157 852
473 147 586
462 853 604
460 675 320
888 900 761
5 989 165
335 675 87
528 998 807
305 247 63
610 138 384
461 279 644
390 94 144
867 929 674
775 519 565
55 31 897
543 782 878
350 483 971
872 163 302
981 862 450
894 875 794
949 879 512
12 460 402
670 834 984
62 828 144
472 594 861
619 797 74
600 860 405
781 986 108
759 475 920
442 549 591
115 966 985
949 606 779
568 992 566
604 513 658
860 430 686
37 85 49
30 197 566
695 212 805
76 574 714
377 439 604
32 521 124
466 639 227
884 833 234
843 970 387
605 602 834
868 526 620
306 541 160
756 94 179
732 243 237
263 70 87
699 780 203
842 30 692
458 992 576
313 649 206
813 927 381
452 364 702
549 262 213
417 659 540
602 515 992
360 553 382
358 493 608
392 528 407
82 729 446
384 279 284
385 110 929
278 791 734
745 801 159
180 880 120
859 551 259
661 957 403
863 555 164
435 978 87
777 880 992
390 782 342
302 14 821
585 355 347
13 560 262
136 353 630
298 916 562
221 47 160
640 271 812
331 481 435
126 82 506
736 779 199
450 738 578
988 48 410
252 990 884
88 201 622
74 806 657
768 807 95
649 964 919
964 772 495
351 506 408
126 394 666
619 780 269
223 643 165
740 880 959
159 869 306
42 820 649
371 886 882
302 469 642
746 591 289
147 677 280
542 207 569
922 874 195
189 850 280
175 966 499
88 673 600
63 654 351
5 836 139
943 438 12
476 516 194
139 349 558
761 953 789
848 52 903
764 56 667
943 983 612
506 177 229
259 599 730
976 862 94
965 400 359
989 411 145
5 802 722
291 407 596
725 906 967
307 357 528
474 308 714
963 325 561
666 430 692
282 877 299
241 943 670
391 544 37
890 900 230
643 897 827
312 511 398
94 811 564
238 124 311
172 415 81
860 778 661
588 623 968
361 954 60
503 732 406
334 289 829
32 171 633
552 27 933
123 786 823
990 83 500
149 384 305
979 307 750
615 900 734
574 64 31
522 442 339
506 62 299
83 828 613
941 782 565
880 670 953
563 627 159
291 26 109
838 201 13
310 394 530
370 418 269
21 413 112
912 13 456
193 310 495
596 381 384
934 696 119
737 342 898
493 153 34
884 582 26
174 706 252
492 897 990
608 585 831
414 474 935
833 279 907
848 618 0
69 492 495
182 829 125
162 371 320
52 445 451
772 379 170
151 287 561
169 269 617
637 586 583
445 641 460
137 271 574
519 784 703
132 651 574
307 932 835
682 971 697
920 870 969
801 497 573
272 9 777
428 538 491
579 383 219
248 887 476
152 656 371
428 347 590
572 284 706
581 147 636
400 141 713
363 386 47
979 963 180
276 263 507
709 6 456
20 962 674
267 949 696
343 260 691
813 440 103
360 942 412
368 917 365
546 642 886
907 621 45
635 724 539
158 929 692
301 924 293
245 839 121
935 957 295
168 295 823
216 448 985
373 157 167
154 220 17
405 637 221
665 234 174
687 494 92
55 274 360
507 985 821
156 394 155
162 168 635
280 127 412
339 191 742
786 836 756
289 881 16
909 848 366
630 318 458
691 647 194
984 255 853
285 226 725
890 890 134
957 590 512
87 291 191
305 898 243
303 51 329
905 846 786
572 352 723
227 275 944
447 600 634
509 88 754
717 703 552
287 343 583
868 861 203
16 753 613
781 554 456
197 562 958
788 200 753
603 196 676
675 304 985
929 379 74
729 312 38
374 123 273
114 241 890
526 112 593
740 748 175
810 268 380
802 612 24
819 42 360
137 658 655
101 687 684
790 455 643
777 521 411
657 562 478
1 28 36
533 131 955
296 738 541
210 804 157
184 911 295
993 542 175
886 30 549
722 112 457
447 551 423
19 829 402
258 160 165
147 391 674
921 399 134
793 957 482
959 813 723
484 352 62
162 47 724
513 418 38
97 602 12
595 87 168
122 540 561
220 869 813
884 593 829
875 979 396
576 533 676
403 434 62
231 507 252
82 4 989
279 147 506
219 778 450
298 484 102
297 63 835
450 686 72
20 508 571
673 166 726
385 471 457
47 477 969
678 788 123
278 499 802
143 520 228
673 478 955
792 923 906
149 722 61
585 404 133
921 137 678
390 426 260
667 433 625
411 39 203
121 363 961
438 634 460
431 150 179
452 27 485
799 947 992
716 41 730
18 789 689
751 301 897
152 4 808
831 313 350
831 571 411
614 896 450
338 868 414
806 727 310
799 117 911
538 647 977
535 658 194
719 746 667
140 199 972
817 854 887
533 646 479
608 567 497
820 537 894
204 775 526
711 479 143
825 9 896
740 361 879
318 968 175
816 762 253
404 569 775
664 355 116
197 539 344
186 64 250
874 273 349
163 389 632
230 338 91
202 759 257
412 224 835
401 533 207
558 548 398
640 663 259
862 872 238
18 779 2
339 271 827
577 935 265
973 878 604
906 322 438
174 933 525
928 461 20
355 419 247
896 794 169
603 380 352
114 749 241
43 335 292
737 684 239
298 465 130
626 372 3
777 185 140
733 727 192
191 902 411
68 188 471
153 86 983
818 109 608
968 75 448
44 727 386
588 798 157
982 279 373
558 831 317
788 629 933
625 452 559
939 150 628
408 805 978
803 187 41
865 476 526
995 939 485
612 355 179
732 551 975
717 601 1
592 490 35
455 304 985
31 112 744
139 488 579
73 968 124
628 599 485
534 691 501
431 976 321
619 443 866
493 127 452
66 481 475
445 397 515
882 458 534
55 728 948
829 993 95
51 42 581
818 739 575
226 378 555
256 309 827
270 838 875
195 56 219
886 179 184
472 891 849
956 509 579
834 0 813
16 565 682
906 313 276
655 90 360
313 279 460
710 56 215
140 111 38
31 252 932
469 639 116
316 0 163
852 353 432
873 588 539
999 911 476
18 565 947
934 374 347
945 93 361
976 969 214
13 615 207
279 936 269
88 766 504
318 703 471
707 874 563
617 909 909
719 352 52
843 39 433
297 684 182
502 755 917
36 130 407
456 644 140
138 794 398
451 839 135
439 706 975
209 200 811
856 696 128
277 969 662
158 428 219
347 224 360
413 356 116
313 991 107
567 338 76
207 599 0
932 404 428
991 527 556
728 992 905
770 578 833
856 588 16
764 712 176
121 655 191
306 699 850
925 45 816
601 506 322
297 939 541
557 11 290
971 642 31
160 773 390
71 0 470
108 570 723
875 677 342
673 1 123
361 859 667
566 309 577
379 834 413
576 348 468
559 766 27
994 25 86
258 726 589
103 674 313
370 892 475
222 274 493
472 214 269
421 538 152
34 155 369
591 754 786
112 10 347
219 585 299
206 717 119
644 278 638
680 873 980
977 720 93
116 485 24
164 396 582
534 800 59
919 445 394
918 975 669
711 93 768
434 415 151
895 438 716
903 474 583
799 993 58
132 870 667
311 875 767
937 922 871
832 52 221
1 841 35
750 311 8
621 298 163
550 479 901
971 951 76
932 705 483
113 784 40
675 507 927
470 471 437
188 772 673
837 398 31
695 829 766
16 597 185
145 751 97
768 304 997
747 744 251
233 531 834
10 183 758
77 95 843
729 126 494
984 106 452
605 862 297
525 276 48
382 929 553
314 629 931
634 138 570
457 923 663
872 191 373
927 933 148
893 391 767
955 590 548
495 240 779
930 509 76
863 419 523
992 368 546
558 545 373
685 849 900
413 540 665
100 318 597
357 188 732
588 253 848
692 292 484
452 243 111
696 234 875
714 79 759
500 321 949
643 752 899
601 197 758
2 474 768
51 421 168
122 377 119
385 655 385
571 666 874
423 102 237
943 37 779
749 758 631
984 996 455
880 811 275
479 540 625
248 705 950
584 454 991
470 937 882
312 88 745
729 968 201
355 77 566
765 769 211
700 675 805
662 614 673
998 317 231
747 66 568
796 901 905
86 995 59
750 390 712
583 890 567
42 404 55
812 453 671
71 562 162
502 117 973
314 112 860
961 898 999
10 690 973
90 615 886
442 630 431
797 778 122
255 873 924
909 658 807
326 750 572
350 416 403
630 478 928
310 877 740
270 668 914
871 955 727
756 652 85
144 859 957
249 582 948
699 676 884
472 854 9
771 807 706
904 820 416
360 581 902
357 224 132
368 57 479
584 214 693
526 358 573
676 323 666
207 371 487
808 659 793
863 984 352
462 76 855
823 73 722
177 241 171
473 680 324
387 387 227
254 236 207
0 448 480
996 71 397
882 79 524
723 93 85
280 226 741
49 547 846
562 517 395
922 978 721
214 124 665
155 776 405
876 519 579
904 937 677
910 80 208
192 484 349
750 372 192
202 97 780
716 168 226
652 126 116
441 777 597
346 423 496
720 570 637
822 409 733
324 31 643
137 79 876
583 353 843
977 338 315
827 513 607
661 477 740
877 222 920
651 981 568
207 528 799
930 40 769
363 940 991
968 564 403
622 431 253
475 486 383
541 667 31
705 169 282
664 23 633
331 169 901
305 250 630
306 747 823
680 914 76
298 258 322
324 732 972
309 782 894
216 666 48
463 429 239
896 820 614
945 667 17
508 208 67
7 726 148
608 56 911
670 46 418
225 451 664
621 638 482
158 371 935
905 577 736
550 247 816
400 352 896
818 933 994
663 855 744
98 239 146
169 157 104
133 812 24
242 850 913
95 784 921
521 899 107
702 258 777
16 113 243
492 605 719
732 68 287
157 187 375
24 819 128
323 94 942
462 981 26
325 57 125
726 549 709
260 189 63
154 756 504
909 169 808
705 484 796
203 273 936
280 466 884
858 969 829
325 613 401
215 905 59
437 386 286
851 84 657
479 911 699
675 949 679
371 481 944
351 291 32
439 477 971
113 597 907
882 750 629
497 788 159
988 108 270
726 165 888
234 359 260
490 807 897
72 816 925
515 570 783
28 468 421
1 866 247
86 755 232
572 186 227
990 501 39
882 566 735
24 911 975
460 846 740
715 462 386
837 566 840
369 530 652
310 72 548
271 644 953
654 24 65
59 690 172
64 31 619
657 31 186
813 765 619
697 843 354
952 93 736
215 579 861
137 638 839
598 635 113
384 294 709
313 767 582
388 883 97
116 565 792
788 318 612
249 863 63
95 917 216
89 985 755
1 164 423
605 900 906
176 229 609
301 856 47
573 101 693
158 503 497
366 302 4
579 442 433
922 668 611
111 463 554
667 572 643
9 406 452
977 679 179
548 79 153
921 860 953
551 498 606
489 723 157
820 0 744
572 986 637
930 364 609
214 656 270
334 108 424
188 805 752
678 705 645
32 685 264
303 270 393
765 22 138
877 869 83
665 802 938
175 899 211
52 185 619
834 616 541
46 571 305
280 651 754
604 168 850
351 497 11
719 389 466
988 411 191
238 788 934
523 700 917
650 605 301
47 639 196
432 315 800
247 18 66
886 98 511
661 10 960
792 323 372
729 415 984
78 561 16
22 10 501
316 479 434
765 701 858
588 502 73
952 237 545
78 325 472
202 627 244
856 713 270
835 848 6
497 504 65
473 902 752
815 166 632
286 994 256
167 949 541
250 887 727
249 172 435
901 751 48
750 691 654
8 964 394
80 539 795
669 736 842
665 888 191
274 501 376
423 955 140
222 103 363
720 446 433
931 412 855
884 22 92
375 461 546
877 37 714
539 109 856
594 263 988
407 329 363
412 971 365
972 115 250
42 965 74
264 446 863
834 309 846
42 354 599
285 209 613
372 604 631
365 817 918
165 506 49
944 687 642
683 771 623
4 60 288
761 401 246
533 546 610
112 402 417
582 799 52
232 87 896
931 213 423
815 809 381
562 70 680
123 430 850
697 918 829
115 792 515
46 187 736
55 278 819
575 925 279
134 873 159
832 760 431
173 785 251
180 628 163
576 262 544
666 495 657
108 247 982
750 121 336
185 276 87
5 483 102
615 300 945
106 77 370
467 240 447
682 305 159
392 647 905
883 172 606
422 35 743
411 195 685
776 307 469
607 736 541
776 372 829
